 

——25-

6,-17. [8,12.’]11611.16,7. 111,14. 4, 8. 4, 40. 1114,17.
ψ 1v 1, 36. 4, 13. 4,19. 8, 28. 8, 82. 142, 84. 8,141. 8,14.
4,1-. 4,.40 v11, 13. 2, 6. 1111,81.4,11.146818 11, 6.

6, 2. 9,15.1(1,12.ΙΙ 2,17.:-,3·-.3·3,11.6,6.111:·,1o.
4, 17. 4, 19. 4, 21. 4, 22. ἶ,) 11. IV ),27. 7,17. V1,1:-3.
2,1. 3, 11. 6, 19. 6, 2ἶ). 6, 26. 6, 30. 6, 31. 7, 7. 8, 26.
VI 1, 9. 5,18. VII 3, 5. 8, 23. Co1nm.1 2, 1. 2, 52. ,3, 5.

3,53133144540.413.1113.1.3.122.1,22.
6,6.6,11.6,22. 7,2. 7,;8. 7,6. 7,.6 7,14. 111: 3,4.
3,4.3,4517 611 61) (17 (179811,8.12,48.
·1v1,1. 2,2. [86 89 8,.148 41. 8,11. 8,1.1 8,1-1.
8,11.]066.1,.81,14.1,141,.1·8.2,18.8,1.41.·,88.
6,117,4.7,.7 7,1.0 8,141 8,1·-.8 9,4.11,10. 14,1.

’ 14,2.15,10.16,12.19,17.20,2Ο.21,1. Conv. 1,11.

4, 37. 4, 44. 4, 53. 4, 54. 5, 6. Hier. 1, 12. 8, 6. Ages. 8, 6.
· Rp. Lae. 2, 2. 5, 6. 9, 3. 12, 5.15, 3. Rp. Athen. 1, 11.
3, 6. 3, 8. 3, 9. 3, 9. Veet. 4, 7. 5, 8. Hipp. 5, 10. 7, 7.
7, ll. 8, 1. 8, 2. 8, 4. R. equ. 4, 1. 6, 9. 6, 16. 10, 141.
10, 12. 11, 3. 12, 4. Cyneg. 1, 12. 3, 4. 7, 7. 11, 4. 1:417.
Apol. 2.

b) aonoyr. Ι 2,1. 3, 9. ΙΙΙ 1,35. 1,36, 1,.36. 2, 8. 2, 16.
2, 28. IV 3, 11. 3, 16. VIII 4, 10. Hell. I 2, 18. 114, 11.
ΙΙΙ 1, 10. IV 4, 2. 4, 3. 4, 7. 6, 14. 8, 32. V 4, 21.
VI 1, 10. 3, 17. 4, 22. 5, 4. VII 1, 42. 2, 13. Anah. I 4, 8.
6. 6. II 5, 15. III 3, 14. IV 2, 15. V 6, 30. VI 6, 37.
VII 1, 41. 3, 35. 3, 35. 4, 12. 8, 23. Connn. I 3, 6. ΙΙ 3, 10.
8, 5. 9, 6. III 13, 3. Ages. 1, 34. 1, 37. Cyneg. 1, 9. 1, 14.
1, 17. 9, 9.

e) aor. et praes. Cyr. Ι 1, 5. 2, 9. Anah. IV ,3, 8.

d) perf. pr. Cyr. I 4,1. VI 1, 40. 3, 19. VIII 4, 23.
· 5, 3. Oee. 19, 9. Cyneg. 8, 1.

e) pr. et perf. pr. cyr. VI 1, 335. Hell. V 3, 27. Anah. I
ὁ, 13. Oomm. IV 7, 2. R. equ. 10, 2.

f) aor. et perf. pr. Anab. 11 4, 26.

g) pr. c. ἄν Cyr. I 6, 18.

h) aor. e. ἄν Anah. VI 1, 231. [Connn. IV 8, 1.] Conv. 9, 6.

Apud Xenophontem vis 11118118. quaein mentione Thucy-

